# Model for Mars with molten layer at base of the mantle (LVL) from
# Khan, A., Huang, D., Durán, C. et al. Evidence for a liquid silicate layer atop the Martian core. 
# Nature 622, 718–723 (2023). https://doi.org/10.1038/s41586-023-06586-4
NAME         Mars_364.bm 
ANELASTIC    T 
ANISOTROPIC  F 
UNITS        m 
COLUMNS   radius    rho       vp      vs        qka       qmu 
      3389500.0   1765.98   3923.78   2304.31     10000       600
      3377236.7   1765.98   3923.78   2304.31     10000       600
      3377236.7   2047.62   4549.55   2671.80     10000       600
      3361999.2   2047.62   4549.55   2671.80     10000       600
      3361999.2   2938.82   6529.67   3834.66     10000       600
      3346523.6   2938.82   6529.67   3834.66     10000       600
      3346523.6   3484.30   7953.09   4534.02     10000       600
      3336839.2   3484.44   7947.92   4526.43     10000       600
      3327154.8   3484.50   7942.35   4518.60     10000       600
      3317470.4   3484.50   7936.53   4510.62     10000       600
      3307786.0   3484.44   7930.48   4502.48     10000       600
      3298101.6   3484.33   7924.20   4494.27     10000       600
      3288417.2   3484.09   7917.16   4485.70     10000       600
      3278732.8   3483.91   7910.67   4477.39     10000       600
      3269048.4   3483.74   7904.11   4469.07     10000       600
      3259364.0   3483.36   7896.82   4460.46     10000       600
      3249679.6   3483.12   7890.30   4452.20     10000       600
      3239995.2   3482.83   7883.52   4443.85     10000       600
      3230310.8   3482.33   7876.06   4435.16     10000       600
      3220626.4   3481.91   7868.89   4426.67     10000       600
      3210942.0   3481.56   7862.33   4418.45     10000       600
      3201257.6   3481.05   7855.15   4409.99     10000       600
      3191573.2   3480.54   7847.99   4401.50     10000       600
      3181888.8   3479.88   7840.60   4393.00     10000       600
      3172204.4   3479.43   7833.96   4384.72     10000       600
      3162520.0   3478.90   7826.62   4376.19     10000       600
      3152835.6   3478.31   7819.28   4367.61     10000       600
      3143151.2   3477.77   7812.82   4359.49     10000       600
      3133466.8   3477.15   7806.10   4351.32     10000       600
      3123782.4   3476.46   7798.97   4342.91     10000       600
      3114098.0   3475.88   7791.79   4334.45     10000       600
      3104413.6   3475.25   7784.92   4326.13     10000       600
      3094729.2   3474.38   7776.83   4317.31     10000       600
      3085044.8   3473.76   7770.35   4309.22     10000       600
      3075360.4   3473.10   7763.51   4300.96     10000       600
      3065676.0   3472.47   7757.06   4292.96     10000       600
      3055991.6   3471.56   7748.76   4284.07     10000       600
      3046307.2   3470.89   7742.22   4275.96     10000       600
      3036622.8   3470.22   7735.41   4267.68     10000       600
      3026938.4   3469.35   7727.90   4259.14     10000       600
      3017254.0   3468.58   7720.55   4250.61     10000       600
      3007569.6   3467.71   7712.92   4242.00     10000       600
      2997885.3   3466.98   7706.26   4233.78     10000       600
      2988200.9   3466.20   7698.95   4225.26     10000       600
      2978516.5   3465.32   7691.29   4216.64     10000       600
      2968832.1   3464.55   7684.72   4208.41     10000       600
      2959147.7   3463.62   7677.23   4199.78     10000       600
      2935665.3   3471.92   7704.80   4207.95     10000       600
      2912182.9   3480.15   7732.97   4216.50     10000       600
      2888700.5   3488.24   7759.83   4224.49     10000       600
      2865218.1   3496.27   7786.23   4232.35     10000       600
      2841735.7   3504.03   7811.87   4240.05     10000       600
      2818253.4   3511.92   7837.34   4247.45     10000       600
      2794771.0   3519.59   7861.85   4254.60     10000       600
      2771288.6   3527.26   7886.29   4261.67     10000       600
      2747806.2   3534.97   7911.40   4269.14     10000       600
      2724323.8   3542.49   7935.32   4276.12     10000       600
      2700841.4   3549.96   7958.93   4282.93     10000       600
      2677359.1   3557.41   7982.53   4289.75     10000       600
      2653876.7   3564.93   8006.79   4297.02     10000       600
      2630394.3   3572.28   8029.53   4303.43     10000       600
      2606911.9   3579.65   8053.09   4310.45     10000       600
      2583429.5   3587.15   8076.74   4317.52     10000       600
      2559947.1   3594.39   8099.45   4324.10     10000       600
      2536464.8   3601.76   8122.66   4330.98     10000       600
      2512982.4   3609.24   8146.07   4338.04     10000       600
      2489500.0   3616.81   8169.99   4345.44     10000       600
      2472841.6   3622.22   8187.03   4350.82     10000       600
      2456183.2   3627.49   8203.41   4355.77     10000       600
      2439524.9   3633.54   8222.64   4362.47     10000       600
      2422866.5   3639.09   8239.94   4368.06     10000       600
      2406208.1   3645.12   8258.76   4374.52     10000       600
      2389549.7   3651.20   8277.63   4381.06     10000       600
      2372891.3   3657.63   8297.32   4388.07     10000       600
      2356232.9   3664.16   8317.51   4395.51     10000       600
      2339574.6   3669.34   8332.99   4400.11     10000       600
      2322916.2   3674.49   8348.31   4404.57     10000       600
      2306257.8   3679.69   8363.86   4409.29     10000       600
      2289599.4   3711.23   8480.13   4482.52     10000       600
      2272941.0   3748.40   8620.61   4572.28     10000       600
      2256282.6   3793.69   8797.39   4686.79     10000       600
      2239624.3   3802.47   8826.86   4700.85     10000       600
      2222965.9   3807.79   8842.18   4705.13     10000       600
      2206307.5   3812.74   8856.39   4709.03     10000       600
      2189649.1   3818.64   8872.72   4713.61     10000       600
      2172990.7   3824.14   8887.99   4717.81     10000       600
      2156332.3   3829.71   8903.50   4722.13     10000       600
      2139674.0   3835.19   8918.66   4726.40     10000       600
      2123015.6   3840.72   8933.91   4730.62     10000       600
      2106357.2   3846.36   8949.17   4734.93     10000       600
      2089698.8   3851.84   8964.29   4739.30     10000       600
      2073040.4   3857.37   8979.33   4743.55     10000       600
      2056382.0   3862.99   8994.49   4747.93     10000       600
      2039723.7   3870.89   9022.56   4760.50     10000       600
      2023065.3   3880.77   9061.35   4779.92     10000       600
      2006406.9   3890.79   9100.46   4799.90     10000       600
      1989748.5   3900.68   9137.93   4818.98     10000       600
      1973090.1   3911.13   9177.21   4839.38     10000       600
      1956431.7   3921.81   9216.76   4860.33     10000       600
      1939773.4   3932.58   9256.04   4881.37     10000       600
      1923115.0   3943.15   9294.16   4901.92     10000       600
      1906456.6   3951.78   9322.89   4916.29     10000       600
      1889798.2   3957.12   9337.20   4920.84     10000       600
      1873139.8   3962.04   9350.71   4925.11     10000       600
      1856481.5   3967.20   9364.58   4929.62     10000       600
      1839823.1   3972.09   9377.83   4933.89     10000       600
      1839823.1   4023.07   4743.70      0.00     10000         0
      1825629.3   4028.35   4756.63      0.00     10000         0
      1811435.5   4033.64   4769.55      0.00     10000         0
      1797241.7   4038.93   4782.48      0.00     10000         0
      1783048.0   4044.22   4795.40      0.00     10000         0
      1768854.2   4049.37   4807.98      0.00     10000         0
      1754660.4   4054.40   4820.24      0.00     10000         0
      1740466.7   4059.43   4832.49      0.00     10000         0
      1726272.9   4064.46   4844.75      0.00     10000         0
      1712079.1   4069.48   4856.98      0.00     10000         0
      1712079.1   6320.36   5212.23      0.00     10000         0
      1653041.9   6362.29   5289.43      0.00     10000         0
      1594004.7   6402.00   5362.35      0.00     10000         0
      1534967.5   6439.61   5431.26      0.00     10000         0
      1475930.3   6475.24   5496.38      0.00     10000         0
      1416893.1   6508.98   5557.90      0.00     10000         0
      1357855.8   6540.89   5616.00      0.00     10000         0
      1298818.6   6571.07   5670.83      0.00     10000         0
      1239781.4   6599.56   5722.53      0.00     10000         0
      1180744.2   6626.43   5771.22      0.00     10000         0
      1121707.0   6651.74   5817.00      0.00     10000         0
      1062669.8   6675.52   5859.97      0.00     10000         0
      1003632.6   6697.82   5900.22      0.00     10000         0
       944595.4   6718.67   5937.83      0.00     10000         0
       885558.2   6738.12   5972.86      0.00     10000         0
       826520.9   6756.19   6005.37      0.00     10000         0
       767483.7   6772.90   6035.43      0.00     10000         0
       708446.5   6788.29   6063.08      0.00     10000         0
       649409.3   6802.37   6088.37      0.00     10000         0
       590372.1   6815.16   6111.34      0.00     10000         0
       531334.9   6826.69   6132.02      0.00     10000         0
       472297.7   6836.96   6150.45      0.00     10000         0
       413260.5   6846.00   6166.64      0.00     10000         0
       354223.3   6853.81   6180.63      0.00     10000         0
       295186.1   6860.40   6192.44      0.00     10000         0
       236148.8   6865.78   6202.07      0.00     10000         0
       177111.6   6869.95   6209.55      0.00     10000         0
       118074.4   6872.93   6214.89      0.00     10000         0
        59037.2   6874.72   6218.09      0.00     10000         0
            0.0   6875.32   6219.16      0.00     10000         0
