# Mars pre insight mission model from
# Khan, A., Liebske, C., Rozel, A., Rivoldini, A., Nimmo, F., Connolly, J. A. D., … Giardini, D. (2018). 
# A geophysical perspective on the bulk composition of Mars. Journal of Geophysical Research: Planets, 
# 123, 575–611. https://doi.org/10.1002/2017JE005371 
DW-BFGeoth
 0 1.0 1 
 95 0 10
      0.  6893.19  5574.65     0.00  10000.0      0.0  5574.65     0.00  1.00000
   5000.  6893.19  5574.65     0.00  10000.0      0.0  5574.65     0.00  1.00000
  10000.  6893.19  5574.65     0.00  10000.0      0.0  5574.65     0.00  1.00000
 231953.  6893.19  5574.65     0.00  10000.0      0.0  5574.65     0.00  1.00000
 463906.  6858.88  5542.40     0.00  10000.0      0.0  5542.40     0.00  1.00000
 695858.  6801.38  5488.32     0.00  10000.0      0.0  5488.32     0.00  1.00000
 927811.  6720.18  5411.87     0.00  10000.0      0.0  5411.87     0.00  1.00000
1159764.  6614.52  5312.25     0.00  10000.0      0.0  5312.25     0.00  1.00000
1391717.  6483.31  5188.30     0.00  10000.0      0.0  5188.30     0.00  1.00000
1623669.  6325.07  5038.46     0.00  10000.0      0.0  5038.46     0.00  1.00000
1623669.  4111.47  9739.19  5113.74  10000.0    129.0  9739.19  5113.74  1.00000
1646839.  4106.04  9724.49  5106.82  10000.0    127.6  9724.49  5106.82  1.00000
1670009.  4100.82  9710.21  5100.26  10000.0    126.3  9710.21  5100.26  1.00000
1693178.  4095.15  9694.98  5092.88  10000.0    125.2  9694.98  5092.88  1.00000
1716348.  4089.83  9680.51  5086.16  10000.0    124.2  9680.51  5086.16  1.00000
1739517.  4084.18  9665.31  5078.81  10000.0    123.2  9665.31  5078.81  1.00000
1762687.  4078.96  9650.99  5072.24  10000.0    122.4  9650.99  5072.24  1.00000
1785857.  4073.49  9636.16  5065.24  10000.0    121.6  9636.16  5065.24  1.00000
1809026.  4062.19  9606.10  5046.23  10000.0    121.0  9606.10  5046.23  1.00000
1832196.  4048.18  9567.15  5020.98  10000.0    120.5  9567.15  5020.98  1.00000
1855366.  4042.09  9551.18  5013.25  10000.0    119.9  9551.18  5013.25  1.00000
1878535.  4035.71  9533.07  5004.38  10000.0    119.5  9533.07  5004.38  1.00000
1901705.  4029.86  9516.64  4996.87  10000.0    119.1  9516.64  4996.87  1.00000
1924874.  4023.72  9499.16  4988.58  10000.0    118.7  9499.16  4988.58  1.00000
1948044.  4017.35  9481.47  4980.62  10000.0    118.5  9481.47  4980.62  1.00000
1971214.  4011.69  9464.44  4972.68  10000.0    118.3  9464.44  4972.68  1.00000
1994383.  4004.74  9445.85  4964.46  10000.0    118.1  9445.85  4964.46  1.00000
2017553.  3997.79  9427.41  4956.30  10000.0    118.0  9427.41  4956.30  1.00000
2040722.  3985.71  9383.60  4932.26  10000.0    118.0  9383.60  4932.26  1.00000
2063892.  3970.11  9326.51  4900.42  10000.0    118.0  9326.51  4900.42  1.00000
2087062.  3956.44  9273.93  4872.38  10000.0    118.0  9273.93  4872.38  1.00000
2110231.  3943.34  9226.75  4848.21  10000.0    118.1  9226.75  4848.21  1.00000
2133401.  3929.34  9169.49  4818.25  10000.0    118.1  9169.49  4818.25  1.00000
2156570.  3915.81  9117.78  4791.95  10000.0    118.2  9117.78  4791.95  1.00000
2179740.  3907.41  9090.01  4779.87  10000.0    118.4  9090.01  4779.87  1.00000
2202910.  3898.45  9067.63  4772.45  10000.0    118.7  9067.63  4772.45  1.00000
2226079.  3891.91  9048.67  4764.38  10000.0    119.1  9048.67  4764.38  1.00000
2249249.  3884.40  9028.91  4757.74  10000.0    119.5  9028.91  4757.74  1.00000
2272418.  3875.61  9008.03  4751.78  10000.0    120.2  9008.03  4751.78  1.00000
2295588.  3866.94  8987.41  4746.13  10000.0    120.9  8987.41  4746.13  1.00000
2318758.  3829.24  8851.69  4666.76  10000.0    121.0  8851.69  4666.76  1.00000
2341927.  3773.78  8651.50  4546.81  10000.0    120.5  8651.50  4546.81  1.00000
2365097.  3731.23  8508.29  4464.11  10000.0    120.4  8508.29  4464.11  1.00000
2388266.  3722.37  8486.64  4458.40  10000.0    121.0  8486.64  4458.40  1.00000
2411436.  3711.40  8459.65  4450.17  10000.0    121.8  8459.65  4450.17  1.00000
2434606.  3702.42  8435.56  4441.85  10000.0    122.7  8435.56  4441.85  1.00000
2457775.  3692.88  8410.00  4432.66  10000.0    123.7  8410.00  4432.66  1.00000
2480945.  3684.36  8387.38  4425.64  10000.0    124.7  8387.38  4425.64  1.00000
2504114.  3671.27  8308.04  4367.63  10000.0    125.1  8308.04  4367.63  1.00000
2527284.  3662.77  8282.30  4358.42  10000.0    126.3  8282.30  4358.42  1.00000
2550454.  3654.75  8256.76  4348.77  10000.0    127.6  8256.76  4348.77  1.00000
2573623.  3647.06  8232.22  4339.81  10000.0    128.9  8232.22  4339.81  1.00000
2596793.  3639.21  8207.76  4330.90  10000.0    130.3  8207.76  4330.90  1.00000
2619962.  3631.41  8183.49  4322.64  10000.0    131.7  8183.49  4322.64  1.00000
2643132.  3623.87  8159.68  4314.54  10000.0    133.3  8159.68  4314.54  1.00000
2666302.  3616.55  8136.10  4306.48  10000.0    134.8  8136.10  4306.48  1.00000
2689471.  3608.58  8111.23  4298.31  10000.0    136.3  8111.23  4298.31  1.00000
2712641.  3601.15  8087.01  4290.07  10000.0    137.9  8087.01  4290.07  1.00000
2735811.  3593.59  8062.58  4281.81  10000.0    139.6  8062.58  4281.81  1.00000
2758980.  3586.21  8038.88  4274.04  10000.0    141.1  8038.88  4274.04  1.00000
2782150.  3578.56  8014.34  4266.07  10000.0    142.8  8014.34  4266.07  1.00000
2805319.  3570.78  7988.99  4257.80  10000.0    144.3  7988.99  4257.80  1.00000
2828489.  3562.33  7960.46  4248.53  10000.0    145.8  7960.46  4248.53  1.00000
2851659.  3554.65  7936.19  4241.03  10000.0    147.3  7936.19  4241.03  1.00000
2874828.  3546.94  7910.73  4232.88  10000.0    148.7  7910.73  4232.88  1.00000
2897998.  3538.80  7884.58  4225.02  10000.0    150.1  7884.58  4225.02  1.00000
2921167.  3532.31  7865.02  4222.76  10000.0    149.2  7865.02  4222.76  1.00000
2944296.  3525.76  7845.50  4220.65  10000.0    148.4  7845.50  4220.65  1.00000
2967713.  3518.57  7823.76  4218.22  10000.0    147.4  7823.76  4218.22  1.00000
2991087.  3512.01  7802.83  4215.74  10000.0    146.3  7802.83  4215.74  1.00000
3039500.  3499.00  7766.95  4218.86  10000.0    141.0  7766.95  4218.86  1.00000
3064500.  3492.62  7748.84  4220.48  10000.0    138.1  7748.84  4220.48  1.00000
3089500.  3484.93  7725.30  4220.71  10000.0    135.1  7725.30  4220.71  1.00000
3109500.  3479.08  7706.40  4220.94  10000.0    132.8  7706.40  4220.94  1.00000
3129500.  3473.76  7691.59  4223.06  10000.0    130.5  7691.59  4223.06  1.00000
3149500.  3467.77  7672.60  4224.04  10000.0    128.2  7672.60  4224.04  1.00000
3169500.  3461.02  7653.18  4224.93  10000.0    126.1  7653.18  4224.93  1.00000
3189500.  3454.57  7630.91  4224.92  10000.0    124.1  7630.91  4224.92  1.00000
3199500.  3451.20  7618.93  4225.62  10000.0    122.9  7618.93  4225.62  1.00000
3209500.  3448.61  7611.14  4227.57  10000.0    121.7  7611.14  4227.57  1.00000
3219500.  3445.01  7598.63  4228.36  10000.0    120.7  7598.63  4228.36  1.00000
3229500.  3441.59  7586.79  4229.35  10000.0    119.9  7586.79  4229.35  1.00000
3239500.  3438.40  7576.65  4230.75  10000.0    119.2  7576.65  4230.75  1.00000
3249500.  3434.62  7563.35  4231.60  10000.0    118.6  7563.35  4231.60  1.00000
3259500.  3430.53  7548.22  4232.06  10000.0    118.3  7548.22  4232.06  1.00000
3269500.  3426.66  7534.72  4232.90  10000.0    118.1  7534.72  4232.90  1.00000
3279500.  3422.17  7517.95  4232.95  10000.0    118.0  7517.95  4232.95  1.00000
3289500.  3407.42  7456.96  4217.16  10000.0    118.1  7456.96  4217.16  1.00000
3299500.  3404.71  7448.94  4281.18  10000.0    118.4  7448.94  4281.18  1.00000
3335201.  3128.76  6634.12  3705.96  10000.0    120.7  6634.12  3705.96  1.00000
3335746.  3128.76  6634.12  3705.96  10000.0    120.8  6634.12  3705.96  1.00000
3335746.  3072.05  6586.92  3434.36  10000.0    120.8  6586.92  3434.36  1.00000
3355232.  3072.05  6586.92  3434.36  10000.0    123.4  6586.92  3434.36  1.00000
3355232.  2951.28  5983.08  3031.79  10000.0    123.4  5983.08  3031.79  1.00000
3389500.  2951.28  5983.08  3031.79  10000.0    131.3  5983.08  3031.79  1.00000
