# Velocity model for the Moon according to Garcia, Raphaël F., Jeannine
# Gagnepain-Beyneix, Sébastien Chevrot, and Philippe Lognonné. 2011. “Very
# Preliminary Reference Moon Model.” Physics of the Earth and Planetary
# Interiors 188 (1-2) (September): 96–113. doi:10.1016/j.pepi.2011.06.015.
NAME        VPREMOON
ANELASTIC   false
ANISOTROPIC false
UNITS       km 
COLUMNS     radius rho vp vs
     1737.1   2.600   1.00  0.5
     1736.1   2.600   1.00  0.5
     1736.1   2.762   3.20  1.80
     1725.1   2.762   3.20  1.80
     1725.1   2.762   5.50  3.30
     1709.1   2.762   5.50  3.30
     1709.1   3.312   7.54  4.34
     1697.1   3.314   7.55  4.34
     1671.7   3.318   7.57  4.35
     1647.1   3.322   7.59  4.36
     1627.1   3.325   7.61  4.37
     1607.1   3.329   7.63  4.38
     1587.1   3.332   7.64  4.39
     1567.1   3.335   7.66  4.40
     1547.1   3.338   7.68  4.40
     1527.1   3.341   7.69  4.41
     1502.0   3.344   7.71  4.42
     1487.1   3.346   7.72  4.43
     1461.7   3.350   7.74  4.44
     1447.1   3.352   7.75  4.44
     1427.1   3.355   7.77  4.45
     1407.1   3.357   7.78  4.45
     1387.1   3.360   7.80  4.46
     1367.1   3.363   7.81  4.47
     1347.1   3.365   7.82  4.47
     1327.1   3.368   7.84  4.48
     1307.1   3.370   7.85  4.49
     1287.1   3.373   7.86  4.49
     1267.1   3.375   7.88  4.50
     1252.0   3.377   7.88  4.50
     1231.7   3.379   7.90  4.51
     1207.1   3.382   7.91  4.51
     1187.1   3.384   7.92  4.52
     1167.1   3.386   7.94  4.53
     1147.1   3.388   7.95  4.53
     1127.1   3.391   7.96  4.54
     1107.1   3.393   7.97  4.54
     1087.1   3.395   7.98  4.54
     1067.1   3.397   7.99  4.55
     1047.1   3.398   8.00  4.55
     1027.1   3.400   8.01  4.56
     1002.0   3.403   8.02  4.56
     987.1    3.404   8.03  4.57
     961.7    3.406   8.04  4.57
     947.1    3.408   8.05  4.57
     927.1    3.409   8.06  4.58
     907.1    3.411   8.07  4.58
     887.1    3.413   8.08  4.58
     867.1    3.414   8.08  4.59
     847.1    3.416   8.09  4.59
     827.1    3.417   8.10  4.59
     807.1    3.419   8.11  4.60
     787.1    3.420   8.12  4.60
     767.1    3.421   8.12  4.60
     747.1    3.423   8.13  4.61
     727.1    3.424   8.14  4.61
     707.1    3.425   8.14  4.61
     687.1    3.427   8.15  4.61
     667.1    3.428   8.16  4.62
     647.1    3.429   8.16  4.62
     627.1    3.430   8.17  4.62
     607.1    3.431   8.18  4.62
     587.1    3.433   8.18  4.62
     567.1    3.434   8.19  4.63
     547.1    3.435   8.19  4.63
     527.1    3.436   8.20  4.63
     507.1    3.437   8.20  4.63
     487.1    3.438   8.21  4.63
     467.1    3.438   8.21  4.63
     447.1    3.439   8.22  4.63
     427.1    3.440   8.22  4.64
     407.1    3.441   8.23  4.64
     387.1    3.442   8.23  4.64
     380.0    3.442   8.23  4.64
     380.0    5.171   8.23  0.0
     0.0      5.171   8.23  0.0
